// 0x00000000000000  --4bit op1, 2bit opr, 4bit op2, 4bit Expected Result
00000000001000
00000000000100
00000000000111
00000000000010
00000000001001
11000111111101
00111001001100
00110010011100
00001111100000
10010010110100
11111110100001
10110001001111
10000000001000
00001000010000
10111010010011
01111001101010
10101011101100
01101010010110
11001011011100
00010010101011
00110001011000
00110011001111
11011101100010
10000011110111
11110111100001
11100110000110
10001010100000
00111000111001
10000011000100
11011101110001
01110011110110
00001011010000
00101110010000
01111001010011
00101010000000
11101011010110
00001101110000
01110100100101
10100011111001
00110010011100
00011001100000
11001011110100
00111111110000
00000101011011
01111001010011
10111011000100
00010010111100
11111101100010
01101110000000
01010111110110
11000011001000
11110111100001
11001100110100
11011000110111
10011011101110
00010010011010
11010111000001
01100011110101
01100101100000
11110010000111
10011110010001
11111111010001
11001111010000
11100100011101
00100001010111
00111110100000
11010101011000
01100111110111
11000001100010
11100100011101
11100110100100
00011111010000
11011000000000
01110110101101
01101111010000
00011101010000
11100001110101
00100000000010
00100000110101
01011010110111
01111101110001
01111001010011
10010110010000
00110111100101
00010000000001
01010111001001
01010100100011
01010001001001
00011000110011
11010001010010
11110011101101
10001111010000
11010111101111
11101001100100
11100101001010
10010110000001
11001000101000
10100001011111
00010101111010
11111110110001
